0	-0.01137515159105197
1	0.02998735080405615
2	0.01156632060105693
3	0.06097473643840594
4	-0.01846901512274332
5	0.11930909065786119
6	0.08401529752346228
7	0.1016672055190583
8	0.08584065448514464
9	0.026750251772757
10	0.06717915372947017
11	0.06629349106708798
12	0.10909269801957698
13	0.13318717643983138
14	0.17963628277791915
15	0.12642921371343427
16	0.19933749702764003
17	0.13512363284229428
18	0.1621488639434619
19	0.09872234738311009
20	0.17386131510789593
21	0.1633457003743193
22	0.22969664734177728
23	0.2857006165168852
24	0.26775916581431397
25	0.23538015741521337
26	0.18259908688005694
27	0.2268911557020604
28	0.2454839425454238
29	0.32481443266201554
30	0.31241984125721595
31	0.3479431640935715
32	0.2626535757788491
33	0.43556100305232576
34	0.24033063112839673
35	0.3917516998506476
36	0.3275832038279734
37	0.33711678811269497
38	0.3906133974892146
39	0.41913127267613837
40	0.3507024958398815
41	0.3979629026343892
42	0.4841900707185071
43	0.4529092773520005
44	0.34580971486640816
45	0.5211197847965896
46	0.4092675274239221
47	0.4497140997868439
48	0.41369087987169434
49	0.402351136559662
50	0.4672816889089492
51	0.5808292429718077
52	0.5308099318844711
53	0.5484752804498193
54	0.5479609335399005
55	0.5476207929636646
56	0.5106060507621422
57	0.5306466426651297
58	0.5386798641477514
59	0.6201885786966743
60	0.5915949246924904
61	0.580361376704167
62	0.577550185613192
63	0.5291644161087874
64	0.559479431276971
65	0.5792904262509595
66	0.5412996791591518
67	0.62815840198642
68	0.6062266655321222
69	0.5953540893929254
70	0.5789471302576572
71	0.7115437394407248
72	0.674210418977112
73	0.6091290589295942
74	0.7088417009373617
75	0.6630475542398108
76	0.7181665590426165
77	0.6463371672099864
78	0.6266264528341193
79	0.7196305173884585
80	0.7057311009319029
81	0.7654218675954816
82	0.7682482583027269
83	0.7349397287290953
84	0.796856349920611
85	0.7723306310809926
86	0.6624126973825959
87	0.8053215236713226
88	0.7040093912034049
89	0.804282871220877
90	0.8813362614375255
91	0.7364807244161377
92	0.7596240827056331
93	0.7679493222328867
94	0.7085517395840499
95	0.8271609954735333
96	0.7978072306748027
97	0.7278763009420184
98	0.7705510941240314
99	0.8214274304789112
100	0.8223374531486674
101	0.8870420176379213
102	0.8610130811282877
103	0.7797547157150955
104	0.7822822365184121
105	0.8685933862395069
106	0.9659621473673399
107	0.936647162890341
108	0.88052695522462
109	0.9342157198012904
110	0.9443659353014101
111	0.9213178629312759
112	0.9204577105175925
113	0.8460656780607847
114	0.8415491352339274
115	0.820379763933911
116	1.0467957844332625
117	0.9923326009408514
118	0.8992089825712436
119	0.867439711201361
120	0.9159842141568327
121	0.9343974787685343
122	0.8875767945050431
123	0.8828898123582128
124	0.9537796541343426
125	0.9418448810057207
126	0.8443513051916536
127	0.9626455854632353
128	0.9381713174286268
129	0.946672807521327
130	1.0404695779578794
131	0.9306175412629188
132	0.9816303417019857
133	1.0081822348261609
134	0.9668729726088876
135	0.9531553132670711
136	0.9677412586856694
137	0.9591141502131292
138	1.0132880431484446
139	1.0447193770062326
140	0.945593702607026
141	0.9754513855753538
142	0.9465527899742272
143	1.0027653974682043
144	0.992012998315464
145	0.9262688183807032
146	1.004358587123288
147	1.0022478371854786
148	0.9906570959789706
149	1.0083087968893636
150	1.0657259195026318
151	0.8962893560182743
152	1.0916322597329584
153	0.9986587891820666
154	1.0674585164213921
155	0.9816470815845066
156	1.0143062438579975
157	0.9580849093708357
158	1.0149347084977243
159	0.9567586879672589
160	1.0230238485948924
161	0.9855501728881898
162	1.0130069417742187
163	0.9802964683734146
164	0.941377088918586
165	0.9560767718587797
166	0.8890118886213385
167	0.9924114827373505
168	0.9319100893992331
169	1.0255805512732001
170	0.9703450127703986
171	0.9021742517293383
172	0.9081885935125978
173	0.9664859065019563
174	0.9262663716563245
175	1.0874125342854564
176	0.9753670483281546
177	1.077021024073751
178	1.0750034806424356
179	0.93026611500319
180	0.9116202959071575
181	0.940752500054458
182	0.9386456748217507
183	0.834252878552269
184	0.909548927779409
185	0.9198885443000251
186	0.9664064171644976
187	0.9407270572262195
188	0.9615267307321119
189	0.8948844593881318
190	0.981054373152202
191	0.9233007333696088
192	1.0061859455169178
193	0.9883904658600752
194	0.8284745622774197
195	0.9774052525287555
196	0.8925292615062577
197	0.8615922850443755
198	0.8679536824213158
199	0.9091906402033718
200	0.8322564052215299
201	0.9508281547700079
202	0.9432609988601612
203	0.87356590349144
204	0.9526749636078392
205	0.8580146260974832
206	0.8282656975791965
207	0.8660491135989372
208	0.964776968925007
209	0.8333682447200833
210	0.9280420782411364
211	0.9548961640336915
212	0.7941690804062702
213	0.8378716900787373
214	0.8714806543118796
215	0.8883242233861463
216	0.8090398295170762
217	0.7593640941533456
218	0.8025801163312546
219	0.842648667645644
220	0.8291916327639397
221	0.8336539248103132
222	0.7416084083434519
223	0.8171089109514403
224	0.7684633472974554
225	0.7309766195348778
226	0.7443859035837028
227	0.7804026286026935
228	0.8090746505213925
229	0.7439636322448379
230	0.7541429019304652
231	0.8292173997871837
232	0.7876452233524196
233	0.7167815387333972
234	0.7551272927147962
235	0.7616359554708649
236	0.7889056702994415
237	0.6457144861506139
238	0.6832702621886292
239	0.6696168963159715
240	0.6893361288634862
241	0.6832921426005354
242	0.6275609130234415
243	0.6489520165893321
244	0.6761016604407548
245	0.5601108749875781
246	0.6801762425317879
247	0.6886527241861008
248	0.6109622119011818
249	0.6496382937468403
250	0.6988304102579728
251	0.6620220104897614
252	0.6522034011501538
253	0.621561425585918
254	0.6335909681908725
255	0.6149934055482372
256	0.46449266403213446
257	0.5338330219197687
258	0.5433394483465065
259	0.6064912192252161
260	0.6427103935415336
261	0.4522560422677457
262	0.5267842191119527
263	0.4078630785349672
264	0.47415487883749174
265	0.5066559751335413
266	0.5026841744429317
267	0.4763470726076898
268	0.5307363726682758
269	0.3563831862079389
270	0.464890358230665
271	0.4037874111531005
272	0.3582261008778246
273	0.4137315000140526
274	0.4205643869243368
275	0.41523773357401716
276	0.34608115783728904
277	0.33506880056295363
278	0.292160782333062
279	0.3979360568492848
280	0.3399190548728306
281	0.3275482991230448
282	0.36571678978978905
283	0.25598456939731984
284	0.2619790482013776
285	0.3151448115662741
286	0.26595448319546694
287	0.2766093743388642
288	0.270672473961966
289	0.25542057714514055
290	0.174260557708402
291	0.2649732254823196
292	0.16072309741434807
293	0.13848651704308074
294	0.20462858067736303
295	0.2301066965114771
296	0.1500024515758272
297	0.18690606509146737
298	0.214405138759648
299	0.08575345838272246
300	0.12045825724615182
301	0.12869128608883756
302	0.1377120290465243
303	0.1230277092837797
304	0.07173876820010242
305	0.10445347613022041
306	0.06486823480767773
307	0.07925659331858545
308	0.10941301448135232
309	0.009614578482771467
310	0.0520392367262536
311	0.10250787717343046
312	0.0027650013507275716
313	-0.016195339567732187
314	-0.15558804206342858
315	-0.0019317246008352038
316	-0.0628159976819477
317	0.01894420242755029
318	-0.1059148339782685
319	-0.03651142152738919
320	-0.0369542889516383
321	0.028977464540729428
322	-0.0638585072984791
323	-0.18644138746931646
324	-0.10688409921335634
325	-0.040802612227564705
326	-0.1373454689146841
327	-0.16167212759764682
328	-0.09664344457750151
329	-0.052989137914843804
330	-0.16527825337257504
331	-0.2009734991422027
332	-0.16528208780729814
333	-0.2541207057299201
334	-0.2220092812934349
335	-0.27724807406304547
336	-0.20651463784099905
337	-0.14446693616586423
338	-0.1983450431114457
339	-0.15860209570841316
340	-0.2982514749490396
341	-0.26806420352412513
342	-0.27963878366145145
343	-0.3401922428956994
344	-0.31809535652000603
345	-0.3596789545311081
346	-0.3125191144974903
347	-0.3031549979805624
348	-0.28868061870253753
349	-0.39590392925784423
350	-0.3133007108167343
351	-0.3856349653600316
352	-0.3807435085178976
353	-0.33143590231840914
354	-0.46188465477232377
355	-0.38010198015223884
356	-0.38346232698074795
357	-0.357938478914136
358	-0.4305677226888572
359	-0.43124652085526693
360	-0.4010271171458205
361	-0.41621015684389984
362	-0.4183745462566378
363	-0.5129724307759582
364	-0.44418340535532935
365	-0.49033149485312877
366	-0.5217720412998793
367	-0.5365097092364409
368	-0.5568478760926181
369	-0.46074818039460386
370	-0.45831930021621353
371	-0.5122077924894174
372	-0.5405829936857238
373	-0.5943808169906678
374	-0.569963804364689
375	-0.638453036032934
376	-0.6521888500545031
377	-0.6168732310484661
378	-0.5804819882991781
379	-0.6015514640949268
380	-0.622566615749173
381	-0.542437759260816
382	-0.6807035908758106
383	-0.5792401990024797
384	-0.6354301995773025
385	-0.6460979675309637
386	-0.6827913969614796
387	-0.6312751248220339
388	-0.7046791811258428
389	-0.6808478724571904
390	-0.7875593074538948
391	-0.6014675163481321
392	-0.7020900827517927
393	-0.7333094024734724
394	-0.7341928318809933
395	-0.7305798601812525
396	-0.7814148917947982
397	-0.6608477406149524
398	-0.6697293405466149
399	-0.7650206520918538
400	-0.809502452232022
401	-0.7574651128062346
402	-0.8351138481727544
403	-0.6690199770488592
404	-0.7740546857206436
405	-0.8319182620627117
406	-0.7606356545079317
407	-0.7173926883845428
408	-0.8103311106303389
409	-0.788656680909918
410	-0.9000979484922915
411	-0.7602892572015184
412	-0.8011061753816446
413	-0.8505638609411863
414	-0.8358776489327823
415	-0.7563841877824995
416	-0.8421206490320149
417	-0.795504421280039
418	-0.9835659474179712
419	-0.8847450721935325
420	-0.8751378550758698
421	-0.8329347603476416
422	-0.8995213655699829
423	-0.9313568794889978
424	-0.8640767045218831
425	-0.8771949054675507
426	-0.9047777613012663
427	-0.8635097909597285
428	-0.8897649044471273
429	-0.866542753873684
430	-0.8600471119533568
431	-0.9273822386717117
432	-0.9204624172611744
433	-0.9845852714898978
434	-0.8351992922134371
435	-0.9666723582191418
436	-0.8179045684919112
437	-0.953789244736402
438	-1.0163414763979626
439	-0.8870314965138721
440	-0.9376806515573696
441	-0.9344458809646925
442	-0.9421427386894636
443	-0.8641854995259466
444	-0.9381441308641449
445	-0.9209057170606681
446	-0.9647445864263454
447	-0.9977754526882129
448	-1.0162444114148304
449	-1.0058939289723847
450	-0.9529691583234068
451	-0.9153012461021286
452	-0.9997648470374423
453	-1.0054102732378551
454	-0.9044238536466391
455	-0.9269052400092472
456	-1.0031200883814533
457	-0.9855899036797975
458	-0.9294020920946037
459	-1.052263824088211
460	-1.0420093911758246
461	-0.9611080596568403
462	-0.9331615798669685
463	-0.9568395828951124
464	-1.059588502211187
465	-1.050317932080265
466	-1.0420473995210777
467	-1.032817440925708
468	-0.9886858074009511
469	-1.0464736637285466
470	-0.9956464203129397
471	-1.0543357512379699
472	-0.9185153690687673
473	-1.0390693036921415
474	-1.0191451387463706
475	-1.0558924156233604
476	-1.0056140434814906
477	-1.0258337293815265
478	-1.105889714053603
479	-1.0351603109022558
480	-0.9289521277527072
481	-1.0184354694358826
482	-0.9800302989989503
483	-1.0092049318995995
484	-0.8529469536617338
485	-0.9318756466432322
486	-1.0103816628828226
487	-0.9675238117217938
488	-0.9664339359435159
489	-0.9616501671656236
490	-1.0067734422544001
491	-0.9870862706721858
492	-1.0477716345541008
493	-0.9637066170688444
494	-1.0737868797394037
495	-0.9913495508517166
496	-0.9248908641143181
497	-1.0061042761683283
498	-1.0524755003499713
499	-0.9316564516363832
500	-0.9764267249824872
501	-0.9608215516690912
502	-0.9966799969113909
503	-0.8674031364219142
504	-0.8981097998465719
505	-0.8324343103329599
506	-0.9967183966939545
507	-0.9671350366808441
508	-0.9499876568430254
509	-0.9494479603832242
510	-0.969660747445524
511	-0.9726280486347709
512	-0.9364462833761965
513	-0.8569815565330943
514	-0.8786433172650301
515	-0.7928758145427333
516	-0.8507652833580082
517	-0.8469874516124792
518	-0.8604802937352941
519	-0.9043832643738619
520	-0.8929077511398059
521	-0.8982785477178636
522	-0.7921405557137415
523	-0.9032770588074669
524	-0.8621629560703875
525	-0.8028764497331411
526	-0.8506385925697324
527	-0.7735550599644303
528	-0.8233081723281961
529	-0.8847299570947063
530	-0.8714940197497408
531	-0.88395287529988
532	-0.865506468042223
533	-0.701389743389445
534	-0.8297840277427138
535	-0.8223967868214547
536	-0.7579372661446997
537	-0.79236685024434
538	-0.7574494851597758
539	-0.7642097857734109
540	-0.7575009458499612
541	-0.6932850603247553
542	-0.6784210086415943
543	-0.7314630741473249
544	-0.7351270689590658
545	-0.806916492154258
546	-0.6463507911581878
547	-0.7823153778246934
548	-0.7171500541716953
549	-0.728623439351952
550	-0.6766028282243539
551	-0.7605449098227469
552	-0.6300654711833031
553	-0.5344694293381334
554	-0.6732310881586792
555	-0.6768476463788595
556	-0.6961358185633835
557	-0.6555105186360407
558	-0.5783105645947594
559	-0.6085141276022905
560	-0.635769049674564
561	-0.6391539987766556
562	-0.5149788689275565
563	-0.5463227127276699
564	-0.5926584322340273
565	-0.6940910919810286
566	-0.6223976099459294
567	-0.43917931996932535
568	-0.5051850998780294
569	-0.5531029133814054
570	-0.5049490943933008
571	-0.5679375383847756
572	-0.5341971462721746
573	-0.5593677147927225
574	-0.5225543240841747
575	-0.4312888172399596
576	-0.5104996362885486
577	-0.5261055622575316
578	-0.43873984970715374
579	-0.49288916311345127
580	-0.47880091126102575
581	-0.3817772162987818
582	-0.435104875696981
583	-0.3392295843792367
584	-0.39022007035594536
585	-0.45776310259261427
586	-0.3781639037221869
587	-0.37501329083313206
588	-0.40306978552678063
589	-0.3370376353631525
590	-0.4461325416137231
591	-0.5056450211593253
592	-0.3001720039326772
593	-0.3776788865309077
594	-0.3429184959761365
595	-0.3755134307508736
596	-0.3403578667049386
597	-0.2019590342250307
598	-0.36220367884297894
599	-0.2545693810066091
600	-0.280601699108488
601	-0.31801201673025636
602	-0.27227117094129943
603	-0.23935217658030725
604	-0.24391883852407845
605	-0.18859084047754102
606	-0.16044242187527744
607	-0.23486820640898254
608	-0.17825061769201556
609	-0.20506857482595992
610	-0.16022733627640673
611	-0.1389262269229875
612	-0.22179087823610671
613	-0.13737345813546925
614	-0.09572070532259583
615	-0.17539633145734837
616	-0.16700934863971914
617	-0.07643925010118117
618	-0.21372095848670516
619	0.03609116345447683
620	-0.09011866012238685
621	0.007723762713553434
622	-0.04227555530463732
623	-0.03239171120235275
624	-0.053298334881749225
625	-0.0013933313956052476
626	-0.011820185267610679
627	-0.02655169120810047
628	-0.016365978176323723
629	0.043353669023223344
630	0.039205386064502426
631	0.011423958784934825
632	0.05454311716506448
633	0.12322249712373522
634	0.134997758716473
635	0.06245344680769545
636	0.14568849506081577
637	0.09402217242802177
638	0.1015220843758968
639	0.18350370047649162
640	0.12094327621542658
641	0.07442671157197381
642	0.1222875473280668
643	0.10432307190964121
644	0.16966104649703054
645	0.20946580387119274
646	0.15406620526080692
647	0.1814717049745279
648	0.20445745700253218
649	0.23973468032783726
650	0.20029515117727043
651	0.24902378893914928
652	0.17646476064912678
653	0.21948710365843282
654	0.28763972744622995
655	0.13947042274106358
656	0.2516189722093055
657	0.25087481959591684
658	0.27199737556784986
659	0.35313948743384327
660	0.324591319593286
661	0.19919600115519961
662	0.3895105388924547
663	0.3350750921806001
664	0.3170034470533048
665	0.45490072618778643
666	0.44507408095697276
667	0.38618491083816087
668	0.488340637932977
669	0.4031828897614722
670	0.43199855425250033
671	0.41753012390679345
672	0.4807347783294758
673	0.43701914977424017
674	0.46325014283118826
675	0.3411862849421773
676	0.45029554505123864
677	0.43722352804569414
678	0.5340268167854918
679	0.428049202023701
680	0.43534098478512734
681	0.47578685338652005
682	0.607945833486583
683	0.5545328118571925
684	0.4967624648799753
685	0.4761392811291037
686	0.5323397328095754
687	0.46253696484239915
688	0.5134060393294969
689	0.5529282226527302
690	0.604719117983241
691	0.588014208480968
692	0.5516438625129287
693	0.6087305711414801
694	0.6250661240720394
695	0.6563360039858344
696	0.4795161585688552
697	0.6919184808769014
698	0.6501007454648458
699	0.7395171975203757
700	0.6360678012126251
701	0.7332523892016691
702	0.6823917356784767
703	0.61990829593199
704	0.68445940485602
705	0.767680180882467
706	0.6590167657540477
707	0.7025793387360355
708	0.744112974735086
709	0.7065677372057785
710	0.6655178096961757
711	0.6650355313353975
712	0.6756522206605556
713	0.6409042962364133
714	0.8093018136036884
715	0.8814858579079256
716	0.7989910562647153
717	0.7637037123953268
718	0.8844147124199504
719	0.8281671463491846
720	0.8358188947764047
721	0.7538694833714606
722	0.682887037220473
723	0.8363524173706821
724	0.8524951493175599
725	0.7907772983996049
726	0.8644778433423497
727	0.8730194658736367
728	0.8320603493161334
729	0.8335168152856764
730	0.9082807623487393
731	0.8090105276622802
732	0.9057009237798694
733	0.9087887485740627
734	0.8781716092490599
735	0.8269623809544682
736	0.9508202100629053
737	0.8911569580787225
738	0.9195110293539591
739	0.9301987764473831
740	0.8360372098175693
741	0.8400445462529617
742	0.8776509659075041
743	0.8927197614814514
744	0.9037046586923163
745	0.9329869624608375
746	0.8963091983421314
747	0.9056263092931649
748	0.8758657613480385
749	0.9298867576586213
750	0.9379343162444971
751	0.9672141770363729
752	0.962859112583843
753	0.9552736297780575
754	1.000203914635295
755	0.9563011442059506
756	0.9288565251938201
757	0.9517152677933
758	0.9263838356223068
759	1.0001486449911856
760	0.9231889209994611
761	1.0688437820924688
762	0.9321216095456919
763	0.9303380434171897
764	0.9025582767976088
765	0.9109326824173778
766	1.0386134290916211
767	0.9908321691794293
768	0.9951160243392253
769	0.9471323273618389
770	1.050249810582666
771	0.9406128780737029
772	0.9947737576880845
773	1.075642001721459
774	0.9867821448763885
775	0.9681512301621202
776	1.0262249638560987
777	0.933897660037806
778	1.0249032664692572
779	0.9645822905924036
780	1.011417233098832
781	1.0243612947334602
782	1.0481396287722344
783	0.9588467488338807
784	0.9450214406092239
785	1.0448807514112943
786	1.0820805422046291
787	0.9394812905935936
788	0.9416924832450598
789	0.9568333739521312
790	1.0215105497433585
791	1.0258120872079723
792	1.0743499275969255
793	0.9945192757469961
794	0.9908616253759721
795	0.9856268632847671
796	0.9621249304645529
797	1.0294428787478718
798	1.0086085501318278
799	1.0227890808522764
800	1.0081316593341643
801	1.011363979795154
802	1.0584271586895566
803	1.0602185562420814
804	0.9911085835310508
805	1.0065291060671429
806	0.9990539027783863
807	0.9300959142122449
808	0.9507933629068813
809	1.0193035669500072
810	0.9522561964980754
811	0.9969454265749023
812	0.9535049603474077
813	0.9981917365308909
814	0.9356284318391098
815	0.919881427656811
816	0.9953466255431247
817	0.9173768806065291
818	0.9571739062616469
819	0.8963551024467582
820	0.9035396080201225
821	1.048950837169256
822	0.9623467191452877
823	0.8648367915923632
824	0.9413686929688869
825	0.9130933392616967
826	0.9034780006069947
827	0.9133814970801739
828	0.8931750101744983
829	0.8881122750476961
830	0.9315798702293387
831	0.9302426679683329
832	0.9401563050992181
833	0.846091203483792
834	0.9466859759377827
835	0.8560835851037896
836	0.8703673201205432
837	0.85363814708589
838	0.8930238687451163
839	0.8305037333038711
840	0.8811149977101362
841	0.9159462896936783
842	0.8944077216772306
843	0.8185955134030956
844	0.8167932312478561
845	0.7898805659370078
846	0.9100944935109451
847	0.821887241013222
848	0.8375976637907618
849	0.6998220470423059
850	0.7689454316558725
851	0.799276871190576
852	0.7512393131339471
853	0.6791916876722673
854	0.7485349672560131
855	0.8333017336345352
856	0.7086136024454484
857	0.7478869453564757
858	0.7995964349755941
859	0.6566347242666071
860	0.7594063366521422
861	0.7631685248091621
862	0.6769380963731036
863	0.6633580060615827
864	0.6740265714475976
865	0.658637250394468
866	0.6941993869632804
867	0.6850888674832071
868	0.5717371155331974
869	0.6371314998145845
870	0.5754458144577113
871	0.7213522340679992
872	0.6186428350748627
873	0.6011381212230384
874	0.6799714140737236
875	0.549135024854785
876	0.6009498138406438
877	0.6005093550999246
878	0.5735595924097395
879	0.6225395484209837
880	0.6386610260393984
881	0.5741484484548585
882	0.5614711898902733
883	0.5112034509405105
884	0.5689521201087812
885	0.5281036900432554
886	0.48102773960084827
887	0.5841183915339803
888	0.4849234612250425
889	0.5066004357205416
890	0.42953117716252553
891	0.4301189588619257
892	0.5217355731024538
893	0.596586697540411
894	0.4292966638950874
895	0.572217172980276
896	0.4243832511146187
897	0.4383085586162311
898	0.4126488525360976
899	0.39106435124325706
900	0.40680958287710006
901	0.4338510596801447
902	0.33084199583036666
903	0.3934274459526081
904	0.3919892902518488
905	0.32438048285437715
906	0.3201839130731035
907	0.39404222275800505
908	0.3530871448468189
909	0.2749346194490971
910	0.39852772564627814
911	0.2610851714066908
912	0.30732105038964436
913	0.3042498278189062
914	0.29785208946748926
915	0.2845978553958338
916	0.35481639705505374
917	0.15225628044916908
918	0.23881257326396413
919	0.2654681899870802
920	0.2973718951978831
921	0.1963318837257405
922	0.2574080969097172
923	0.17330682519431712
924	0.17808804863884273
925	0.218133491590378
926	0.15734824177739437
927	0.12240168325778003
928	0.10713652413272752
929	0.06632055115596193
930	0.14942449315581063
931	0.13377419399963608
932	0.15183673548493942
933	0.006101499526732002
934	0.09830256049419982
935	0.1094254820820043
936	0.025547699817963176
937	0.058728011330538864
938	0.04398399327283727
939	0.009769081140561815
940	0.026671376875796005
941	0.016717317735976713
942	0.023931254609401466
943	-0.10153719302986101
944	0.05025478121137221
945	0.02461809082214458
946	-0.05428334028717578
947	-0.04879027914643019
948	0.0016808165303770425
949	-0.04862248505709206
950	0.004045236443730116
951	0.037268961588302896
952	0.033415867261573126
953	-0.016959603744661877
954	-0.22070793108943548
955	-0.10451467606372308
956	-0.22284955479448376
957	-0.120445101427864
958	-0.2612100879285868
959	-0.18196847985605452
960	-0.15440508598158614
961	-0.08248271810575927
962	-0.1466364070907702
963	-0.09156558626967841
964	-0.07104648822133697
965	-0.3085272210092166
966	-0.1962334129608737
967	-0.2726297375990852
968	-0.30127477604038866
969	-0.29349706831025646
970	-0.29261627104180815
971	-0.16257838359806137
972	-0.3264514685874444
973	-0.3580291931670482
974	-0.28482590092367355
975	-0.25417180108789494
976	-0.30888807879082686
977	-0.33346979816048394
978	-0.3211369861780777
979	-0.3968392977672036
980	-0.31823305572876814
981	-0.44396889668151807
982	-0.38811638794664927
983	-0.3878327693155032
984	-0.38356055970679304
985	-0.3380850991808299
986	-0.42319521402597454
987	-0.3891102947296906
988	-0.5314014587426654
989	-0.47944664508230866
990	-0.5023780142340185
991	-0.5511493431752584
992	-0.5676832838470317
993	-0.44511458768927503
994	-0.5017373658583868
995	-0.5133334896554663
996	-0.4440261496511593
997	-0.5590141466332744
998	-0.5673437625624842
999	-0.43505003436376394
